0   0   0   1   1   0   0   0   0   0
652,0,0,1,0,0,0,0,0
810,0,0,0,1,0,0,0,0
1719,0,0,0,1,0,0,0,0
1727,0,0,0,1,0,0,0,0
1735,1,0,0,1,0,0,0,0
1751,1,0,0,0,0,0,0,0
1778,0,1,0,0,0,0,0,0
1801,1,1,0,0,0,0,0,0
1817,1,0,0,1,0,0,0,0
1832,1,0,0,0,0,0,0,0
1848,1,1,0,1,0,0,0,0
1903,0,1,1,0,0,0,0,0
2059,0,1,1,1,0,0,0,0
2072,0,1,0,0,0,0,0,0
2098,1,1,0,0,0,0,0,0
2113,0,1,0,1,0,0,0,0
2129,1,0,0,0,0,0,0,0
2156,0,1,0,0,0,0,0,0
2181,1,1,0,0,0,0,0,0
2197,0,1,0,1,0,0,0,0
2212,1,0,0,0,0,0,0,0
2240,0,1,0,0,0,0,0,0
2281,1,1,0,0,0,0,0,0
2296,0,1,0,1,0,0,0,0
2312,1,0,0,0,0,0,0,0
2339,0,1,0,0,0,0,0,0
2371,1,1,0,0,0,0,0,0
2387,1,0,0,1,0,0,0,0
2402,1,0,0,0,0,0,0,0
2430,0,1,0,0,0,0,0,0
2454,1,1,0,0,0,0,0,0
2470,0,1,0,1,0,0,0,0
2486,1,0,0,0,0,0,0,0
2501,0,0,1,1,0,0,0,0
2544,1,1,1,0,0,0,0,0
2700,1,0,1,0,0,0,0,0
2712,0,1,0,0,0,0,0,0
2735,1,1,0,0,0,0,0,0
2750,0,1,0,1,0,0,0,0
2766,1,0,0,0,0,0,0,0
2793,0,1,0,0,0,0,0,0
2815,1,1,0,0,0,0,0,0
2830,1,0,0,1,0,0,0,0
2846,1,0,0,0,0,0,0,0
2873,0,1,0,0,0,0,0,0
2898,1,1,0,0,0,0,0,0
2914,1,0,0,1,0,0,0,0
2930,1,0,0,0,0,0,0,0
2956,0,1,0,0,0,0,0,0
2982,1,1,0,0,0,0,0,0
2997,1,0,0,1,0,0,0,0
3013,1,0,0,0,0,0,0,0
3041,0,1,0,0,0,0,0,0
3072,1,1,0,0,0,0,0,0
3088,1,0,0,1,0,0,0,0
3103,1,0,0,0,0,0,0,0
3119,1,1,0,1,0,0,0,0
3159,0,1,1,0,0,0,0,0
3315,1,1,1,0,0,0,0,0
3328,0,1,0,0,0,0,0,0
3357,1,1,0,0,0,0,0,0
3373,1,0,0,1,0,0,0,0
3388,1,0,0,0,0,0,0,0
3416,0,1,0,0,0,0,0,0
3440,1,1,0,0,0,0,0,0
3456,0,1,0,1,0,0,0,0
3472,1,0,0,0,0,0,0,0
3500,0,1,0,0,0,0,0,0
3526,1,1,0,0,0,0,0,0
3542,0,1,0,1,0,0,0,0
3558,1,0,0,0,0,0,0,0
3586,0,1,0,0,0,0,0,0
3610,1,1,0,0,0,0,0,0
3625,0,1,0,1,0,0,0,0
3641,1,0,0,0,0,0,0,0
3668,0,1,0,0,0,0,0,0
3691,1,1,0,0,0,0,0,0
3707,0,0,1,0,0,0,0,0
3722,1,0,0,0,0,0,0,0
3738,0,0,1,1,0,0,0,0
3783,1,0,1,1,0,0,0,0
