0   0   0   1   1   0   0   0   0   0
18,1,1,1,0,0,0,0,0
173,0,0,0,1,0,0,0,0
183,0,1,0,0,0,0,0,0
205,1,1,0,0,0,0,0,0
221,0,0,0,1,0,0,0,0
237,1,0,0,0,0,0,0,0
265,0,1,0,0,0,0,0,0
290,1,1,0,0,0,0,0,0
305,0,0,1,0,0,0,0,0
321,1,0,0,0,0,0,0,0
349,0,1,0,0,0,0,0,0
375,1,1,0,0,0,0,0,0
391,0,0,0,1,0,0,0,0
407,1,0,0,0,0,0,0,0
435,0,1,0,0,0,0,0,0
473,1,1,0,0,0,0,0,0
489,0,0,0,1,0,0,0,0
504,1,0,0,0,0,0,0,0
532,0,1,0,0,0,0,0,0
562,1,1,0,0,0,0,0,0
578,0,0,0,1,0,0,0,0
594,1,0,0,0,0,0,0,0
610,0,1,0,1,0,0,0,0
652,1,1,1,0,0,0,0,0
807,0,1,1,0,0,0,0,0
819,0,1,0,0,0,0,0,0
842,1,1,0,0,0,0,0,0
858,0,0,1,0,0,0,0,0
873,1,0,0,0,0,0,0,0
901,0,1,0,0,0,0,0,0
928,1,1,0,0,0,0,0,0
944,0,0,1,0,0,0,0,0
960,1,0,0,0,0,0,0,0
988,0,1,0,0,0,0,0,0
1007,1,1,0,0,0,0,0,0
1023,0,0,0,1,0,0,0,0
1039,1,0,0,0,0,0,0,0
1066,0,1,0,0,0,0,0,0
1101,1,1,0,0,0,0,0,0
1117,0,0,1,0,0,0,0,0
1133,1,0,0,0,0,0,0,0
1160,0,1,0,0,0,0,0,0
1190,1,1,0,0,0,0,0,0
1205,0,0,1,0,0,0,0,0
1221,1,0,0,0,0,0,0,0
1284,1,1,1,0,0,0,0,0
1440,1,0,1,1,0,0,0,0
1453,0,1,0,0,0,0,0,0
1480,1,1,0,0,0,0,0,0
1496,0,0,1,0,0,0,0,0
1511,1,0,0,0,0,0,0,0
1539,0,1,0,0,0,0,0,0
1561,1,1,0,0,0,0,0,0
1577,0,0,0,1,0,0,0,0
1593,1,0,0,0,0,0,0,0
1620,0,1,0,0,0,0,0,0
1647,1,1,0,0,0,0,0,0
1663,0,0,0,1,0,0,0,0
1678,1,0,0,0,0,0,0,0
1706,0,1,0,0,0,0,0,0
1729,1,1,0,0,0,0,0,0
1745,0,0,0,1,0,0,0,0
1760,1,0,0,0,0,0,0,0
1789,0,1,0,0,0,0,0,0
1820,1,1,0,0,0,0,0,0
1836,1,0,0,0,0,0,0,0
1852,0,1,0,1,0,0,0,0
1892,1,1,1,0,0,0,0,0
2048,0,1,1,1,0,0,0,0
2060,0,1,0,0,0,0,0,0
2080,1,1,0,0,0,0,0,0
2096,0,0,1,0,0,0,0,0
2111,1,0,0,0,0,0,0,0
2140,0,1,0,0,0,0,0,0
2161,1,1,0,0,0,0,0,0
2177,0,0,0,1,0,0,0,0
2193,1,0,0,0,0,0,0,0
2220,0,1,0,0,0,0,0,0
2253,1,1,0,0,0,0,0,0
2269,0,0,1,0,0,0,0,0
2285,1,0,0,0,0,0,0,0
2312,0,1,0,0,0,0,0,0
2343,1,1,0,0,0,0,0,0
2358,0,0,1,0,0,0,0,0
2374,1,0,0,0,0,0,0,0
2401,0,1,0,0,0,0,0,0
2424,1,1,0,0,0,0,0,0
2440,0,0,1,0,0,0,0,0
2456,1,0,0,0,0,0,0,0
2516,1,1,1,0,0,0,0,0
2671,1,1,1,1,0,0,0,0
2684,0,1,0,0,0,0,0,0
2709,1,1,0,0,0,0,0,0
2725,0,0,0,1,0,0,0,0
2741,1,0,0,0,0,0,0,0
2767,0,1,0,0,0,0,0,0
2803,1,1,0,0,0,0,0,0
2819,0,0,1,0,0,0,0,0
2835,1,0,0,0,0,0,0,0
2862,0,1,0,0,0,0,0,0
2882,1,1,0,0,0,0,0,0
2897,0,0,0,1,0,0,0,0
2913,1,0,0,0,0,0,0,0
2941,0,1,0,0,0,0,0,0
2971,1,1,0,0,0,0,0,0
2986,0,0,0,1,0,0,0,0
3002,1,0,0,0,0,0,0,0
3030,0,1,0,0,0,0,0,0
3054,1,1,0,0,0,0,0,0
3070,0,1,0,0,0,0,0,0
3085,1,0,0,0,0,0,0,0
3101,0,1,0,1,0,0,0,0
3157,1,0,1,0,0,0,0,0
3326,0,1,0,0,0,0,0,0
3345,1,1,0,0,0,0,0,0
3361,0,0,0,1,0,0,0,0
3377,1,0,0,0,0,0,0,0
3405,0,1,0,0,0,0,0,0
3438,1,1,0,0,0,0,0,0
3454,0,0,1,0,0,0,0,0
3470,1,0,0,0,0,0,0,0
3498,0,1,0,0,0,0,0,0
3523,1,1,0,0,0,0,0,0
3539,0,0,1,0,0,0,0,0
3555,1,0,0,0,0,0,0,0
3583,0,1,0,0,0,0,0,0
3605,1,1,0,0,0,0,0,0
3621,0,0,1,0,0,0,0,0
3636,1,0,0,0,0,0,0,0
3664,0,1,0,0,0,0,0,0
3707,1,1,0,0,0,0,0,0
3723,0,0,1,0,0,0,0,0
3739,1,0,0,0,0,0,0,0
3803,0,0,1,1,0,0,0,0
